0 vignette-2001
0 Name: vignette-2001.ldr
0 Author: jasolo
0 ROTATION CENTER 0 0 0 1 "Custom" 
0 ROTATION CONFIG 0 0
1 7 80 0 0 0 0 1 0 1 0 -1 0 0 placa4x8.dat
1 7 0 0 0 0 0 1 0 1 0 -1 0 0 placa4x8.dat
1 7 40 -8 -140 -1 0 0 0 1 0 0 0 -1 tejado.dat
1 7 0 -8 -100 0 0 -1 0 1 0 1 0 0 tejado.dat
1 7 80 -8 -140 -1 0 0 0 1 0 0 0 -1 tejado.dat
1 7 120 -8 -140 -1 0 0 0 1 0 0 0 -1 tejado.dat
1 7 160 -8 -140 -1 0 0 0 1 0 0 0 -1 tejado.dat
1 7 160 -16 -160 -1 0 0 0 1 0 0 0 -1 tejadorm.dat
1 7 0 -8 -60 0 0 -1 0 1 0 1 0 0 tejadorm.dat
1 7 160 -8 -140 -1 0 0 0 1 0 0 0 -1 placa2.dat
1 7 120 -8 -40 0 0 -1 0 1 0 1 0 0 placa2.dat
1 7 160 -8 0 -1 0 0 0 1 0 0 0 -1 placa2.dat
1 7 80 -8 0 -1 0 0 0 1 0 0 0 -1 placa2.dat
1 7 60 -8 -60 0 0 1 0 1 0 -1 0 0 placa2x2.dat
1 7 100 -8 -60 0 0 1 0 1 0 -1 0 0 placa2x2.dat
1 7 40 -8 -60 1 0 0 0 1 0 0 0 1 placa4.dat
1 7 0 -8 0 0 0 1 0 1 0 -1 0 0 placa1.dat
1 7 20 -16 -120 0 0 1 0 1 0 -1 0 0 placa1.dat
1 7 20 -8 -150 -1 0 0 0 1 0 0 0 -1 pastilla.dat
1 7 80 -8 -140 1 0 0 0 1 0 0 0 1 pico.dat
1 7 40 -8 -140 1 0 0 0 1 0 0 0 1 pico.dat
1 7 150 -8 -50 0 0 1 0 1 0 -1 0 0 chimplac.dat
1 7 50 -8 -70 0 0 1 0 1 0 -1 0 0 chimplac.dat
1 15 80 -64 -80 1 0 0 0 1 0 0 0 1 astpierv.dat
1 15 80 -64 -80 1 0 0 0 0.965926 0.258819 0 -0.258819 0.965926 astcuerv.dat
1 0 40 -16 -140 1 0 0 0 1 0 0 0 1 jacena4.dat
1 0 40 -40 -140 1 0 0 0 1 0 0 0 1 jacena4.dat
1 0 40 -64 -140 1 0 0 0 1 0 0 0 1 jacena4.dat
1 0 40 -88 -140 1 0 0 0 1 0 0 0 1 jacena4.dat
1 0 40 -112 -140 1 0 0 0 1 0 0 0 1 jacena4.dat
1 0 40 -136 -140 1 0 0 0 1 0 0 0 1 jacena4.dat
1 0 40 -160 -140 1 0 0 0 1 0 0 0 1 jacena4.dat
1 0 120 -184 -140 0 0 -1 0 1 0 1 0 0 bald2.dat
1 0 80 -184 -140 0 0 -1 0 1 0 1 0 0 bald2.dat
1 15 150 -16 -10 0 0 1 0 1 0 -1 0 0 laser.dat
1 15 154.66 -160 -23.66 -0.866025 0 0.5 0 -1 0 0.5 0 0.866025 enganche.dat
1 15 163.32 -120 -28.661 0 0.5 -0.866025 -1 0 0 0 0.866025 0.5 placa2x3.dat
1 14 142 -160 -25.589 0 0.5 -0.866025 -1 0 0 0 0.866025 0.5 bald1.dat
1 14 142 -120 -25.589 0 0.5 -0.866025 -1 0 0 0 0.866025 0.5 bald1.dat
1 14 159.321 -140 -35.588 0 0.5 -0.866025 -1 0 0 0 0.866025 0.5 bald1.dat
1 15 10 -16 -10 0.5 0 0.866025 0 1 0 -0.866025 0 0.5 laser.dat
1 15 24.66 -160 -13.66 -0.866025 0 -0.5 0 -1 0 -0.5 0 0.866025 enganche.dat
1 15 33.321 -120 -8.66 0 -0.5 -0.866025 -1 0 0 0 0.866025 -0.5 placa2x3.dat
1 14 20 -160 -25.589 0 -0.5 -0.866025 -1 0 0 0 0.866025 -0.5 bald1.dat
1 14 20 -120 -25.589 0 -0.5 -0.866025 -1 0 0 0 0.866025 -0.5 bald1.dat
1 14 37.32 -140 -15.588 0 -0.5 -0.866025 -1 0 0 0 0.866025 -0.5 bald1.dat
0
